2469
7310
4412
9549
6489
2591
4986
6648
8330
1107
3342
1581
733
6736
7939
4477
9860
8317
7189
7097
4287
1653
6468
7336
736
2746
4024
2037
5739
5505
2067
99
7317
5461
7765
2035
4958
7165
6220
8795
9826
1813
9238
8150
8417
1308
5230
6338
2798
6824
6063
6322
4343
9954
4219
1931
7430
2251
8526
9298
6682
372
8788
4163
7115
2312
1977
7710
7291
7337
688
5646
9828
7856
8118
287
9894
1626
6440
9638
2653
5707
7454
7938
9366
7324
7028
3348
3012
6730
9301
6874
3951
2086
4867
3058
9090
9713
6106
5762
5702
1210
4895
3126
8593
8678
5138
196
9086
1072
735
3550
6450
730
5386
9553
7519
1858
2251
207
7340
8101
2428
2134
2003
5280
4309
3582
7216
7736
3898
4327
8675
5968
9220
948
9518
5736
36
7501
4350
54
3395
9790
2839
2874
7543
2632
2649
394
5041
5958
8447
1402
9298
4548
3243
1857
8285
3114
4891
6552
6997
8414
7349
6145
5168
7629
7237
9436
8861
8253
5796
3260
6540
5590
2123
7749
706
879
5584
4637
7382
3463
5379
3397
9148
315
2490
1328
4685
9117
2255
4813
5713
5895
5191
1662
7065
1213
4825
8878
228
5658
8927
7230
6485
6203
7878
8241
2916
2524
1835
2961
8651
1174
5093
5713
979
9522
5356
7508
3538
1661
9375
2654
1352
8791
8239
1933
448
3540
9966
4361
5240
5793
4288
2901
267
5322
9442
845
6225
2121
939
6617
4962
9260
1905
8057
1973
495
3403
9909
8950
7774
2694
3549
2211
7582
4284
6969
5947
4478
6091
6425
815
4257
7923
110
4810
8989
7926
8878
4480
8118
6004
2445
3169
8976
9515
8090
5092
1044
5156
7415
6871
8248
6766
9184
9883
1148
4276
5438
8356
9239
3377
2771
8222
9001
151
8196
6304
4744
4654
1265
3668
4059
7136
9286
1517
682
6382
3523
6794
2247
8117
8273
4082
2701
2721
7866
4346
1775
5382
8025
1999
1243
375
5000
2868
8037
7179
5359
1978
5166
5719
1679
725
4311
4831
1972
4572
9836
1509
639
4477
222
6243
7085
9073
271
8369
1915
6091
5978
8981
3256
2026
633
1965
5531
4785
7001
1935
249
1044
2762
4948
4863
7729
2449
2645
754
2258
109
6360
3591
6687
4172
8425
9966
194
9371
8045
1901
9250
502
3031
3685
5733
9022
8226
3727
8968
3834
613
9565
4110
9423
6580
9497
3461
3451
8797
8909
7053
3548
1620
7089
3157
2960
6742
4722
2197
9604
5756
6734
6485
7482
9272
4763
256
1242
3295
7325
4460
4322
7374
3089
7178
3267
9364
8479
8755
1701
8296
5860
7501
7326
1557
3894
4538
9548
9248
3280
9529
5403
9106
1110
3255
2471
9662
456
2656
946
5587
8963
2119
5531
1287
6888
1123
5431
8854
2273
3132
7039
4313
1178
2217
3152
3633
4674
9076
7966
8185
1271
912
1788
9184
8395
1851
8466
5785
5757
2620
6501
3924
588
4800
1410
734
385
2747
7259
2951
6259
4778
9879
2453
6214
6234
6343
8026
8654
2028
7062
2240
3710
8368
5564
4332
9715
8293
4931
1184
4386
558
8284
8173
1820
4846
3448
4910
2552
2113
3261
4577
5041
9810
1001
4930
9974
2176
6436
2064
3139
4587
1593
1053
8582
6402
2070
4539
4370
3919
6893
9531
1594
2583
2851
8992
5510
6269
7526
1517
717
3808
4142
9300
698
2591
6523
1094
739
9135
8376
1467
9238
8871
2820
2910
6801
2828
2711
8574
4752
647
301
1774
1602
8390
3813
9787
9688
4426
6649
1524
5753
8245
4822
4365
1178
301
5637
8195
6784
2411
1751
8823
7171
1819
4869
630
7727
2253
9444
5853
5670
9057
5942
619
8233
93
9196
9727
9546
715
8994
4205
6479
5981
5017
5403
2429
929
5238
2679
373
2175
2555
3228
2036
2732
3941
3410
4753
3564
9409
2473
5379
1762
5589
6953
6734
6403
8887
1216
144
8714
6764
426
5602
6783
9769
9717
1173
7248
8023
5914
4631
6124
1633
9143
1917
6992
4058
5297
7019
7049
3360
9548
4454
8515
9703
9199
6970
4179
2197
5532
5917
4288
5984
954
519
2807
1014
2593
9887
7186
6426
922
1354
6613
3612
9732
1632
1603
2942
2940
1527
4374
279
2844
5235
7486
6085
7359
3524
2096
4516
924
2817
9673
1765
281
2327
2029
2910
3483
9357
9765
8818
5944
2986
90
1032
4412
5806
7866
8113
8159
5355
4425
5058
439
6434
3597
7989
6846
7961
3346
3995
417
7185
5371
605
641
4903
6903
4882
6253
4910
2115
3193
9107
3174
1802
6663
5188
6536
6973
8380
8290
3228
8326
2082
5230
8928
7524
1153
7168
9551
2069
3073
7272
2848
2325
833
1958
2014
9140
7968
4999
7034
2881
6563
7319
7237
1169
7683
7400
7917
321
6113
4892
1228
1665
3286
8525
5613
5242
3869
9160
2846
977
8363
7395
4727
2755
9823
9106
4708
3731
6085
9452
450
3199
1791
4659
8146
3114
4604
9126
8514
5991
950
4040
2036
1908
349
7332
5257
4258
3146
703
9372
9577
462
1764
6876
6441
7227
4524
3826
3190
1653
6885
7133
7479
698
118
6281
8521
1901
645
8174
7381
2823
7066
3096
4655
5466
7133
3175
6304
3831
5849
6017
5775
2758
2669
8168
6270
6504
4665
2674
4027
7000
8875
6363
7532
2940
9011
5574
9349
8151
3746
1277
6364
372
2951
9655
5643
1467
4609
536
4950
2559
7801
7531
2244
1782
6955
7270
7299
8685
9543
2720
6766
434
9730
7455
8385
3178
2120
2742
9676
8575
299
1710
7443
7482
8305
10
5737
9015
148
344
1550
4724
8599
7479
5242
561
2003
1986
7259
3006
3567
9316
4493
1932
7648
6499
3242
464
3368
8252
8309
7955
3747
7994
9677
1695
7290
6583
2610
916
2497
3025
894
8649
8646
2424
4044
2192
2811
1303
1870
3691
1623
1903
7866
3730
3384
6066
3253
2899
9935
6055
4493
3463
7734
2382
5010
9017
6696
9868
7857
4891
6853
3361
2523
7435
8854
3931
2800
8249
1240
1639
1930
7350
5419
6647
3159
6977
4430
6547
8761
3199
9563
1153
718
3355
4617
3045
189
5243
8642
4093
5649
3556
343
1603
1855
6764
1132
4220
6997
9526
9157
7409
3659
5945
5468
5927
4
5623
1000
9701
3381
6054
4014
5626
5995
4020
8978
2896
8312
3634
2851
2167
5691
8231
562
640
9124
5127
4573
5341
8863
4331
9562
8093
3909
9016
8405
3513
8973
2730
7787
2602
2970
2047
7162
8504
9630
2211
3362
6950
5088
7232
4066
5308
6405
4451
5001
6605
2091
264
2051
5883
7369
9449
5989
1353
4898
2547
6477
491
9631
5617
7137
4374
7796
3493
8268
5720
3322
2522
1230
4738
6956
1856
2758
4818
959
9968
8528
8883
776
2614
6602
2632
7487
1061
2100
6995
462
6134
6113
2454
8065
3132
2891
3204
8192
999
3411
249
7998
1472
379
4763
1700
2253
9580
2996
3479
1993
5945
3341
8262
1124
7273
5295
4188
161
3332
9670
3643
5423
652
8122
5324
9143
1230
9207
9582
3698
4714
5129
5825
1257
7961
5911
2876
1630
6448
2450
4837
1213
6902
9923
2603
1413
2348
8422
7369
4647
6567
6603
9247
6207
8824
89
5288
92
4759
5665
1800
6394
4011
3715
8368
3162
9256
2384
2604
7265
8962
714
2338
9810
1558
6276
5691
8911
7807
1580
9399
1081
2384
7869
1183
3920
2760
8305
1175
2076
5708
6218
6051
59
3176
1373
6158
2393
975
703
907
8298
4670
4046
2635
8870
8869
760
6651
3304
9929
532
62
1659
3766
9896
7988
5358
9868
1686
5814
1115
4268
7569
4376
184
1865
769
101
7067
5836
3218
5373
6513
1661
1769
225
5388
1036
1961
944
4036
818
7635
5014
6321
358
570
2574
8376
3660
9519
7230
1327
2908
4258
1277
7071
4243
15
8901
2444
7358
6272
1082
7970
2530
4409
3318
3848
4201
2258
1335
1083
1203
3983
6234
5081
4634
3455
576
581
8896
5403
322
4881
3535
7823
8921
6019
4285
8380
8529
6339
3389
1739
1323
9544
7426
4295
7941
9246
456
4544
9542
592
8297
8709
1840
4688
4523
2645
9099
8642
7897
1506
6735
2298
853
2539
652
7261
710
8793
6977
2476
5244
9583
5142
4871
8951
4730
1392
4203
1419
7362
1352
4732
5443
7153
9951
6312
7656
6543
511
2939
9711
6464
9231
1807
9315
906
3323
4512
8205
3792
1211
8611
457
7914
5187
9842
9483
7900
7489
8415
8222
2258
5808
6543
4484
6088
9972
7364
2301
5314
544
3832
6129
5378
2228
6034
7290
2608
4188
5125
6306
3602
9644
3561
5587
7093
5541
4463
4788
3394
6201
9560
8567
7827
5687
1176
1150
1575
3376
714
4619
3488
6494
1251
3469
5261
8580
5642
5392
8714
3626
7922
7915
6911
7019
1387
6148
3424
7575
7210
8939
2812
208
1589
6103
3933
2524
7722
4665
562
6596
8014
2586
3975
5618
6095
9363
188
9531
8861
2413
7576
7938
3517
3451
8100
5760
5238
8846
6951
7552
9052
1225
4124
9121
2382
2681
5651
5425
4532
4622
3538
8445
7021
3809
2769
7063
6177
7419
4586
4092
8887
8046
9042
9899
3424
1123
874
1216
6277
9525
688
1966
5943
7186
9127
5082
7837
6583
1055
5777
349
225
3217
5641
6228
239
2207
2613
6186
5399
483
1986
3506
5786
1349
9062
6053
5256
401
1359
3358
1556
5593
8863
7633
2687
1357
4116
5094
4055
4604
9639
9977
9856
9131
3008
5123
1073
5430
4295
7548
5526
4854
5594
8633
2811
470
9499
7838
3249
4659
3831
2744
1614
4722
3899
905
7522
2076
5021
1058
2749
9019
4740
3433
432
1806
1487
1499
5520
409
5206
4822
4974
8977
6410
9080
3142
4240
7785
2166
7116
5736
506
349
5704
9946
9682
5511
2228
4390
3086
2129
76
3674
8160
8810
9039
7618
1555
8615
8602
198
6898
711
2154
396
2094
5500
9053
8907
1642
5620
8382
3373
6348
8774
2398
6912
3206
361
9103
5167
9187
5565
2486
8105
2189
2359
9086
2984
8726
726
6954
1220
8515
1653
1860
6277
4616
4074
8491
3975
1695
1480
6714
8284
5181
1961
8425
2137
7650
7684
6558
7813
8581
7483
8557
9496
8707
9869
1305
5737
828
5452
5645
5308
1620
5452
5408
295
4760
9873
5894
2589
2670
1137
3853
7360
7890
8141
6701
2564
7688
6519
8810
331
2433
4963
1938
3213
3095
1001
9804
101
9183
8129
8623
9947
9484
8501
6366
6615
5390
2422
2000
2732
3488
4511
6100
9814
2028
975
2757
3615
5640
8586
9656
5717
5218
5814
9099
8600
8306
7705
1206
6875
9909
2780
9523
1562
1596
6017
5120
5835
3987
4455
6682
9279
6617
8367
9675
675
5123
5449
6519
361
8465
6264
7921
9359
9614
5098
9878
1221
6088
5935
3425
8034
3070
621
8150
5420
3166
2063
5385
4747
3305
5908
7308
5245
2163
9045
3944
9064
2623
180
2214
5022
6989
6222
5055
1975
1175
4176
8213
9880
912
820
3583
2963
1504
6484
5900
1168
7626
1641
1073
6042
9128
8384
8648
5121
172
7552
3370
8645
8979
1493
4197
2854
7432
2431
9471
8382
3111
9393
6747
2605
1422
3599
970
865
4636
7810
4848
5599
3522
3048
8455
3427
215
3945
4689
6931
2852
1924
8105
312
7792
1819
612
2087
7802
394
5940
5921
9850
8584
6821
7712
6490
3213
830
9047
3229
7707
3833
3214
3888
1888
2795
215
1117
2468
9640
7500
923
8672
2707
8473
5144
8797
3463
2894
5493
6058
8485
3466
2450
6175
7337
1881
3233
9198
2893
9834
650
2931
1529
5707
9139
9989
1158
5467
1498
367
4930
8999
4237
9209
4515
6222
8396
1259
3353
2377
521
7
5317
6604
8321
4871
9779
713
150
4640
6333
2327
1222
438
7836
3052
8714
403
9773
7164
4492
5377
6551
2078
1861
2571
8940
4267
9066
3146
6697
2271
6338
1838
3824
2664
9547
8655
4879
7908
8017
5892
3297
7977
4611
3793
3687
9565
6513
8979
734
1870
7770
6310
1532
5929
9822
4432
6235
8086
16
3141
1967
288
5158
4978
6966
1408
5885
8922
8332
3717
7797
3616
4478
5094
5192
9624
7792
4683
1013
1918
8683
950
2887
6355
7766
3246
4721
4476
9568
8592
4966
8313
3507
3446
1797
1715
6084
3833
3875
4151
8984
9362
3299
9318
7738
1470
3512
8765
9246
2805
614
450
3693
7000
9330
6147
8522
1977
920
5141
3084
1318
4287
3422
9724
8238
3577
7399
8549
7447
4660
9998
4632
3623
1951
6137
3902
5864
8505
7342
8608
7437
4943
9429
6941
4550
3956
5605
6531
4999
3837
6752
3031
4213
8999
9055
1156
1927
4804
4099
4852
6708
5711
6971
155
47
9824
3504
1151
6418
9263
7508
6907
3085
3957
8072
3416
7622
457
4082
9198
1767
1676
8914
5049
9272
1837
954
4317
4706
5362
9698
8280
9749
1563
4291
5711
7932
2764
9519
5749
6887
480
585
5477
3570
4676
8315
8882
9066
3971
4925
6335
9143
1386
350
4593
3337
3267
381
3218
6964
6055
2113
269
5121
8056
4945
4631
9697
3752
9910
5951
1387
5064
4907
5758
5264
6053
7981
6742
4614
9664
8065
5938
3887
4988
1204
1402
2089
2807
4259
4369
4126
2604
92
7735
5482
4743
8050
8635
3241
4898
2694
7430
5125
4526
1564
3769
2316
282
5983
5163
1621
3432
9813
685
431
8738
1608
1513
9281
3489
4726
468
9528
548
4381
9782
1425
5085
7399
5352
5153
5819
5740
8453
6666
8376
5737
6458
5028
741
6077
7773
5074
8749
1157
8100
9372
4008
6323
556
3206
2651
1726
7500
117
6855
3330
2070
7613
4097
300
8142
4979
8363
6062
6400
1052
945
4483
2496
6085
482
4832
933
7290
8550
5738
4397
7911
8684
418
96
2103
253
1841
4406
2383
1687
1983
1192
7596
6854
4406
2918
8770
1478
6520
2542
9943
4477
8099
622
3267
5797
193
4996
1026
728
9750
5154
641
7630
1719
6190
3722
8511
7919
9503
9493
3994
4242
6666
6211
1215
5502
6841
7263
7767
8434
970
8462
9059
9663
9263
5581
7766
2778
186
3440
4920
4842
6283
3249
5333
2207
4867
8544
691
6383
1128
6398
7703
3140
468
2956
3096
9696
713
2557
6385
6565
9596
9793
1343
2441
8810
9033
8277
2153
513
3216
2242
5174
6266
9761
2764
2164
5293
8642
5624
6577
6013
7927
7577
9242
910
5395
1565
8639
1077
439
6621
1066
2803
2465
830
459
8042
4716
603
3681
9506
8116
7265
7835
3416
9981
6239
3473
234
3346
5811
9178
6075
2024
8627
8390
9101
9242
5860
9566
4819
9779
415
3190
4315
5916
9767
4914
1347
1529
6227
446
16
5977
8327
4745
8534
7838
9739
2134
8221
9638
2116
6527
4572
9209
485
5974
1329
5279
2395
8748
2193
6549
2945
130
6839
6974
2963
7130
6414
8128
5810
7417
9930
2275
9604
2395
4145
6153
2819
8050
426
3632
3344
6840
2364
8604
3340
5535
8646
6865
5053
3260
4963
1158
9086
1284
1044
1518
6704
627
352
8145
2795
2114
3560
1656
6876
6929
4389
3198
9035
3901
5080
7124
8504
9247
4933
9207
6048
2874
1759
531
6357
8110
7939
8323
5384
2211
1159
6936
1218
2290
7389
1961
3815
8544
8031
6532
3468
3434
6245
544
4491
9087
2688
4797
5936
337
5461
6463
8862
7314
6255
5877
5240
6267
764
3407
5847
6627
5766
3716
1996
8435
1182
3140
7734
5016
3644
8355
6689
9048
8095
1999
1550
9169
6922
755
9423
5599
5768
5711
1939
4595
9894
148
1775
4769
7648
7717
728
8423
8598
4454
7132
1867
3858
4757
5381
3354
1572
5106
6691
6859
302
5728
6241
3012
4271
8392
5872
727
1652
7001
6593
1948
2046
2650
8241
7801
4242
4254
205
3365
7591
5474
683
5562
303
7392
6736
9032
1846
9238
175
6671
3406
8475
5936
9336
4426
4344
7918
3729
3121
7564
649
6690
9885
8253
7847
7236
4232
9482
8638
4027
6611
9036
7516
5270
3920
7469
8191
5711
6399
5168
8646
288
5675
5962
6050
245
3450
1131
8857
6023
8108
2771
1597
4635
2504
1826
300
608
7281
6554
9836
2060
3895
9615
1827
5466
5025
83
3037
9966
3445
5515
1371
3936
6537
4626
8001
6115
6036
2571
9328
5342
7642
574
400
8584
2905
9487
5909
6371
9249
4213
3715
13
9971
4357
3955
9543
8883
2867
797
7212
7088
7460
6383
1931
3502
3654
4824
6124
1236
4162
4128
8382
4958
4982
1271
8260
1072
8026
382
384
8478
7317
3605
8494
6381
4171
635
3360
6864
2611
2055
4036
5856
9835
3668
3496
4357
3979
4797
8572
2519
5663
3110
6208
9598
7972
227
6271
9514
6156
1428
8852
3656
4733
5671
3798
6608
72
6503
4047
5630
2476
7020
4244
7358
7208
740
8602
9763
9913
1421
5762
9037
1231
4013
4388
7552
1462
1939
9531
2568
1448
1176
7562
6317
6247
5703
3620
5564
5910
2264
7792
7099
6425
8712
9272
9822
7894
3545
8777
7084
3956
2894
1775
6124
5332
7844
6046
7804
1937
7451
4575
7800
4603
3025
575
1469
3807
7973
7399
4044
1028
9318
6503
3101
6478
5069
3527
8828
4493
7327
5993
1731
7419
7276
1870
1157
4190
3041
538
2510
4605
7613
3018
2173
9063
785
8562
1894
9830
7951
1107
2161
5016
181
1490
4674
7661
422
2590
8012
3337
9986
6192
6400
7816
1118
3363
2623
7398
2897
7467
6006
2625
1671
1967
4061
6734
8240
694
2318
1858
8481
981
741
5039
4405
192
1337
6028
9198
7185
2028
462
738
7422
9322
7159
4417
5853
1011
219
6662
6228
9008
7379
1216
7717
6757
2591
3440
9949
3994
8623
5589
7650
5584
2798
434
2935
2076
4853
2762
9593
509
259
1824
6499
5135
4531
4699
386
6125
1247
6276
4469
1375
222
7356
8169
7253
6893
5847
5917
3680
4394
7674
4866
3244
7449
2557
8594
4270
6525
486
4573
8020
1524
4304
2430
2432
4218
9065
2632
3142
5274
2591
3597
3666
8655
5182
3716
625
4290
2100
4624
3605
5059
4227
8710
7873
6165
2594
1769
4531
334
8736
1137
8418
6191
8478
4639
1811
9513
3689
1478
4935
6301
8592
3157
7502
8377
7060
9421
7481
7518
7893
2196
6576
6845
6454
6579
3531
1485
486
688
7195
4049
9107
7052
7254
425
1932
2996
5912
8789
9861
4184
6301
7538
4900
5069
9865
8448
295
8328
8900
603
7022
8343
5445
9752
6469
1336
5832
9153
5399
5572
9298
3816
4342
4306
7503
2748
3216
8017
3086
4680
1323
362
9539
1342
6092
3414
459
2604
636
1527
168
1047
2983
9551
4303
5411
522
198
3159
2302
8265
8677
6620
9548
1471
1624
9941
669
9898
615
2108
6797
7726
248
8231
5457
8459
1010
4102
9885
3917
4498
4856
7280
9071
2368
5902
9628
5696
8515
1464
4458
1014
167
7116
3485
8181
4799
4349
6061
9460
7500
6300
2076
751
8344
5019
3064
9170
5093
4193
4626
1675
160
8543
7307
7007
5251
8664
8032
9226
6750
7803
7037
1059
5793
7374
6697
3223
9319
3739
9676
3956
3463
9976
3380
2718
3782
2101
7307
2438
6833
5443
7634
4755
4707
6415
5598
6092
3988
7288
8217
2658
96
503
6767
6585
9750
6114
1545
2343
5283
864
7960
9452
4229
2736
5429
6727
2021
8319
8966
537
3463
2926
2680
8336
5858
6422
6884
5975
7231
8244
1200
2330
8120
1887
5787
5506
4778
6085
7389
1801
9735
5673
3386
5256
9339
4016
8872
9673
3949
6024
5718
4938
5162
7762
4205
2749
2104
2240
7883
9633
8644
5312
6479
5892
8659
1556
2246
7670
4026
2550
156
9066
8505
8371
2329
6714
2142
3645
1317
8645
3607
408
916
2195
628
8057
1293
8858
2410
7874
4197
2667
4599
806
3577
5920
262
7552
9985
9689
3828
9929
4652
3588
1362
6896
2306
1945
4212
9189
8238
1797
9326
4593
9991
6060
9039
4966
6363
6313
3402
5970
311
7521
9965
7590
5950
4447
8173
1768
6860
5213
5264
5528
7379
3051
1543
3102
6840
9549
5649
2508
1854
1507
206
8158
3928
4034
3131
9444
6096
2796
5390
9747
464
2857
727
4192
5973
1228
1113
1785
447
9705
7952
5735
2871
5045
6378
9391
1882
827
5143
9237
6663
6416
3383
2669
1818
9053
6945
3726
5160
9018
7081
556
978
3783
7742
1280
9521
8579
4801
1605
5638
1936
4080
4664
8518
883
4891
3277
1055
2358
7701
21
4114
8878
3668
187
5739
2671
8992
9265
7771
6103
3537
62
8777
312
7191
9057
1784
9399
5948
38
3386
5670
5898
587
3412
7661
4570
4064
1905
451
9200
1996
1479
9293
4624
7561
9811
5188
2230
6124
3271
5806
9436
2423
773
9095
1943
3274
7652
5583
9416
6577
7268
8977
5096
1646
5587
5799
6902
7847
1864
4076
2701
9954
7196
6159
9756
8354
2271
6219
2928
9698
1938
1863
3621
245
7859
8488
1783
7884
461
6965
3847
8642
3512
7573
7173
8603
1546
6986
3328
5761
5630
6016
8266
9081
9802
52
3349
8648
6357
8116
9264
3328
6934
1235
9984
2773
4840
7185
7516
9953
2992
2714
4529
5893
3021
3156
3106
9558
5251
5403
6554
6
1984
4371
4919
7166
5143
7145
6970
1256
9966
2686
8696
4527
8835
9594
5144
8195
494
5405
7791
3710
9742
2192
5369
1515
7220
2228
748
6114
4313
2463
8095
4240
8031
5796
5502
2662
3032
3712
3571
7856
8870
9692
1270
1650
8390
1990
1801
2257
5393
4919
6084
7722
6358
1338
2298
9312
8107
1304
342
3520
1282
2697
2505
349
4726
7293
2196
5052
3838
6527
1161
4763
5088
6346
4446
8584
3440
6809
1027
6035
7770
5149
6882
2192
8074
1404
1972
982
2816
7277
2977
8135
8148
5627
4106
3776
4096
24
8194
7947
1032
2337
4735
975
9804
4513
6957
7170
6252
3376
4806
5305
6668
8806
5021
6493
4820
1883
2002
6451
2369
5082
746
4910
1478
5260
7511
1221
6542
1078
1121
7137
6421
4287
720
8155
3260
9306
3826
3947
8105
3531
3405
1725
9327
7425
8246
7622
8299
4305
1492
5501
6539
1165
5873
4708
3584
4297
4528
1822
4076
6589
2139
5547
5574
3354
1273
6390
6179
4668
8419
4509
3275
6651
893
3319
6397
8875
6044
8844
4863
6671
4047
6991
2225
5034
7817
6037
6793
8283
7259
6613
6719
4571
719
3205
5812
1932
2072
3376
3222
7452
801
3345
2799
5955
5340
307
9755
9021
1433
7159
1456
7821
4836
2130
5406
6030
836
7984
4209
5147
1793
9182
79
3826
8814
8900
8814
313
3974
2224
3582
8441
3353
7500
6984
598
9624
8411
6630
9399
77
2405
4148
5873
1392
4380
6090
6249
4012
8246
6795
310
6658
1308
6435
6171
1045
1436
8578
8489
6511
9312
2109
5082
4263
4290
5576
1986
7623
7272
6549
3399
6230
1318
5657
968
8899
8664
5796
8616
957
8784
9614
4696
6734
7606
1314
1240
7310
3529
6591
9990
7824
1374
205
4709
6619
5634
5346
6121
5636
5383
6229
5852
3786
6640
9150
6528
2033
6597
1966
7501
6246
1674
6075
5245
5877
5581
6358
7198
5487
6876
9276
915
413
1459
7081
301
3863
6318
6924
6978
1930
4649
675
6792
7142
1046
9
7744
8010
7700
2392
4360
3734
4246
4875
4377
7484
7768
4631
9339
3928
1816
7701
4189
2673
7341
8258
1220
3635
9307
9042
6878
8549
1802
4876
4006
4317
6892
4858
5628
3742
1700
8192
4221
9538
9791
9938
2400
7481
5888
5544
6022
3251
3161
3741
365
9517
8036
8996
9415
26
8904
2580
8694
1212
7416
2052
6121
5571
9775
310
4962
1381
7772
7462
1940
9920
957
6545
2705
4992
8643
7779
726
4796
9893
9013
8868
9700
9128
6336
4760
320
9120
5150
3920
9335
6465
4699
7042
453
4356
1545
9857
4292
9763
8580
4719
5534
7782
4803
4872
6140
5751
118
7190
2333
4585
3527
3508
6505
3856
1457
4888
7921
9401
114
9994
8541
9584
2286
271
3581
9176
264
756
3071
794
2855
318
7203
688
1893
5110
7056
1062
7400
1074
8851
5619
2293
167
9737
5369
7967
1612
2119
4448
5131
3035
2241
8346
5365
1355
4623
5553
1832
6025
5740
7046
4821
4236
2494
7162
1346
9590
6227
320
6825
3636
5584
5953
3667
5582
6525
1585
1694
8159
7956
8786
5253
1809
7899
8374
1809
9136
9610
3290
4275
2685
4814
3798
5882
1532
9506
8822
6582
5430
8902
8775
6409
7429
792
4788
1768
2098
1496
6987
8552
4375
7770
325
3973
8144
1522
1403
3832
1367
2964
9534
9684
4541
9013
6472
2837
6263
9664
8082
5805
5652
5398
9797
5575
4698
6589
5362
3910
2749
2165
5181
5580
2583
5392
7547
710
244
6509
4161
2192
976
5665
4226
9196
2553
6461
692
5667
7943
2705
9581
4013
6547
406
5366
9501
4438
9696
6468
7016
1485
1776
7838
9473
4627
1493
8927
4242
6333
8119
9719
245
3700
4667
5123
3208
6401
3974
6699
8134
4346
7928
6255
4614
6935
7554
4125
3235
3717
2533
4307
2541
1957
1324
9557
2547
2167
4971
1392
5349
4719
6469
2365
1217
2638
9559
7213
1520
671
9491
4241
1399
1980
8152
8314
7216
3838
7018
631
8174
6654
8201
5169
3820
8654
524
5401
8015
4255
4821
5490
6831
4165
5560
4423
4668
2854
3416
830
2352
7306
7038
2401
9985
7233
2233
6122
1279
2907
1065
8831
6200
6087
6734
8905
9669
6901
7836
8278
1124
6968
9315
3025
3896
7750
2717
4116
7810
9173
6614
1614
6370
2856
1411
9542
1279
8053
884
3690
7052
3826
6202
5099
2293
6405
7463
2126
1822
92
8564
6769
6828
5161
3217
905
5393
6700
5016
6492
511
4445
7465
6573
2642
9794
405
1823
3189
6807
137
3721
1793
4495
9571
1833
6135
7281
1512
4865
4387
9487
5231
4015
4055
105
3833
8329
1602
1467
6735
432
520
7764
5560
6055
7127
6703
6379
7141
2492
3566
366
281
6190
1121
2684
9980
1312
6665
1916
8187
4212
1315
3079
4150
4350
2962
1185
3585
6021
3825
170
119
8301
1607
7040
5612
673
23
6623
7878
6209
2244
731
8154
4755
9944
8824
5570
6221
3440
3407
1791
7964
5944
2716
9847
5035
8868
2844
771
691
7512
6788
7618
3409
2596
1398
7349
30
4014
1211
4318
4728
8737
1691
496
6148
1996
8477
3176
3550
5171
1927
272
1240
6206
7473
4858
686
3516
8200
226
3746
9877
7181
7484
8274
1467
2988
6797
7702
2918
1358
5223
5610
9126
3463
3707
7328
1688
5051
5529
4960
5010
828
849
1048
956
6899
9223
2099
3876
3204
2540
606
3824
7266
19
6858
8388
3352
6329
3530
7738
9342
5388
2809
7437
8248
5285
8954
848
9307
910
1765
7673
9139
677
3037
2608
8540
2480
9949
6506
1016
1134
6803
16
8632
6310
799
486
6173
833
6112
5536
6646
7446
1043
151
3988
9139
3995
4666
5323
4167
9557
4198
3312
7599
3871
5648
52
5309
3582
3384
8558
9106
1648
3253
4408
545
2880
5209
7182
5375
7534
7160
7687
3259
3833
8463
9381
9181
4571
4310
5550
7183
384
8663
797
8787
9079
7907
5385
9223
1352
3664
180
9625
9946
4253
2781
136
1129
6563
2070
830
1201
6089
2233
3438
2766
339
2917
1128
5983
7818
3523
1303
1161
3235
4032
4737
2538
2282
5373
377
2900
1542
408
9458
1584
6227
8134
6828
5845
2999
9052
6018
403
3942
1949
5803
9155
5233
1777
138
2419
2623
4475
3562
2996
9431
3279
1322
9162
9717
6444
4922
3573
6901
3988
7395
208
1389
906
7117
8250
6619
6213
5212
6023
4869
6377
1961
4894
6312
5016
2389
6886
5992
2878
2875
8867
6393
780
6104
7070
6951
6977
692
2525
1428
1495
6113
3983
8547
2716
1784
4741
4871
8313
523
7457
7482
7117
6087
8053
3270
3626
6645
4311
5836
51
429
8747
3584
5017
3787
4401
4434
4484
5183
9889
551
9323
2353
5657
8603
4960
3626
6973
2767
3699
673
4588
8617
6552
6785
7099
288
8035
2086
7987
6368
590
9779
8623
9752
9656
7619
8446
6153
5975
5471
1744
7060
9456
7583
6250
6252
945
7598
557
5575
1740
777
4850
1422
3790
3366
7519
8528
3730
3256
8135
5842
4579
5544
9251
9221
6919
2805
6454
8658
7583
268
7923
1983
221
6447
7349
788
2441
9157
2926
6160
7058
7937
6987
2878
3126
9894
6854
3145
1142
7790
9366
2961
5325
6188
3824
8351
318
214
6174
5755
8791
1438
2767
1890
3536
7409
4746
8063
8475
7122
1096
3119
349
2948
4174
5014
5773
820
6079
5647
2885
4368
1740
2902
1248
9371
3807
4787
1622
3104
904
2405
5321
8290
3281
1681
8796
496
8199
2382
2904
6196
2882
3816
3578
9549
883
7215
9042
8825
4461
6842
1054
6457
1431
2891
9535
8203
2942
116
2293
6327
3272
1413
2546
1619
1837
8053
7641
3144
373
2264
8183
8333
5655
7448
4697
8938
8002
6237
3370
7129
8796
2418
5873
2465
5315
1059
4140
1646
7119
1246
4779
8696
2823
1250
5399
3651
5599
8809
1532
1222
5475
9233
2439
7671
9063
1345
9920
3620
8673
9253
7778
5169
5787
7822
4626
773
4530
8545
9102
7521
1813
3757
5621
4049
7452
5231
6605
8975
7868
4760
116
1265
8998
173
6170
8343
5101
9918
3412
4889
693
5979
9842
894
9601
401
8844
2193
1625
769
8339
8288
7700
6734
4161
4621
7755
3524
4992
2080
7953
1189
2277
6694
6365
6991
7038
5235
156
6986
8833
3094
7209
7389
7529
8562
8550
4003
378
2564
8574
4913
7578
2191
5830
4846
3281
6847
6626
7432
45
8516
7094
2141
6871
8811
9030
4450
7764
6216
6636
3219
1588
6990
702
5899
5610
7726
219
1083
4357
2918
9816
3001
2164
7675
205
17
3177
6959
9576
3415
2147
4002
8967
4692
3058
8597
5228
1299
5849
5217
8212
505
5536
4966
5137
5684
6469
7875
2618
9750
1569
2745
9387
1635
9024
7548
2995
5559
2953
9633
674
102
4840
9313
191
8547
5358
9169
816
1029
3938
4538
2516
8281
10000
2661
136
3328
5814
4926
2693
392
7691
9299
1839
6504
6661
7731
1481
7408
1849
9272
183
6235
8625
215
2243
9989
8534
26
6585
612
5048
9111
8676
7513
3295
1259
3550
4789
8837
4481
1378
6529
7273
1600
2846
6816
2063
6863
3223
2550
4174
2600
8043
5184
1544
9633
7369
1359
3859
5602
5143
9257
7549
3616
845
3027
2595
8900
4599
5471
510
802
5342
7384
5677
9481
432
8170
7552
3473
5220
7153
3706
800
869
7451
5382
2887
6108
921
8025
2668
9318
1788
5755
2082
1736
9596
6223
8666
7730
9192
5913
8029
7013
2746
3900
9280
2266
3241
6922
9504
7084
1566
1959
8949
5579
5597
8824
465
5641
758
3221
209
789
2350
8866
6181
3034
6590
8492
3169
3418
1850
658
9827
5213
1168
2384
4356
689
1058
7717
5818
2580
9969
3186
6629
2093
4257
9007
1771
6433
4551
2942
5993
9117
3039
9695
2338
8577
5036
6013
5422
5062
8838
9325
8089
6670
8367
7709
3097
2211
4653
7615
2117
6077
8432
8187
9986
4001
4956
8667
4622
9154
1451
9062
5140
3873
9190
5801
9017
9820
1750
5194
7485
8117
5044
1283
1639
8905
3645
4182
3394
1718
573
6573
4665
9631
9937
3393
2482
9803
5034
4615
2778
9149
3110
744
276
9535
3580
3946
6651
1109
4995
3026
446
6901
5363
5193
3502
7440
8534
8781
7645
4269
5620
5074
3174
4668
3320
3558
4037
1544
6898
7614
6922
698
6642
2157
7145
9111
5609
9243
9822
4923
8738
8940
5223
4765
903
9233
446
6965
6767
3553
219
303
8894
7265
6657
7821
8897
8945
7577
7018
3610
8120
7540
7320
5331
3577
7852
4536
1141
7628
5265
5607
4509
8248
619
6334
179
8182
6326
2240
5302
6673
8551
6419
5760
4656
5786
1934
7831
5101
5593
2769
256
3698
9440
3601
8077
6367
7163
5451
716
7195
7295
7130
6294
8869
686
4668
1138
7826
2473
5216
2409
8260
3948
7741
7639
8399
2876
1312
6009
4059
8419
6600
7091
5448
5859
2198
2774
1546
6893
5758
4929
9177
5996
3736
6216
719
5677
269
285
9477
7783
9922
6692
5578
409
5653
7468
8697
4425
5462
9435
8361
7229
4527
2815
269
996
7225
2176
3024
1932
7614
3830
245
7919
331
4484
5680
9813
6212
2150
9289
6735
9644
8201
9758
4689
5258
7610
2552
8592
9444
8832
2705
866
5916
4430
7986
6284
5319
9533
9430
194
5340
7313
9092
4136
4246
4028
8997
2326
4837
9957
2946
3845
7676
9117
7677
5642
8103
9211
5836
5239
6582
4586
9393
5444
83
3009
1669
1506
9664
9416
4956
7736
2818
7879
8720
4750
6021
1879
9506
9264
6651
9377
701
7706
5250
8114
9298
7691
1498
3421
8009
2190
4864
1288
9993
4362
3790
10000
2213
9611
6608
5160
3899
8587
5775
5802
4674
3793
5766
4014
5534
2859
6551
7264
6844
9542
3600
6186
5693
5752
9838
8647
3543
5593
4317
4396
9100
9903
244
2885
7193
8004
5239
2035
6691
4076
2789
969
2586
3491
6947
7287
1573
9757
2760
2548
9393
9984
3315
969
8343
8111
3776
537
9176
9940
849
9711
9789
5602
4612
6212
6272
5847
7349
3832
4896
4431
6146
7001
3063
3536
1746
9426
9280
1453
3624
5275
7693
4273
1610
648
7275
8498
9233
900
7961
2592
7746
1941
4436
9162
5890
457
9209
9376
3335
6242
9633
1262
123
4169
648
1919
7413
8196
9598
4188
1645
6833
4503
1346
2162
9865
9037
589
4654
1877
4561
2940
1710
2988
3000
4789
4256
9778
4313
9838
7194
5683
4191
4002
684
8686
8252
2918
3001
9581
2931
9771
45
5508
6574
8677
3830
3969
8175
3573
2873
5400
6480
1223
9205
5522
2653
2903
7467
9432
4790
8446
9965
1675
5290
5579
9363
8653
387
7828
4618
4387
5664
7
3919
9189
5484
9234
4886
3812
1839
6367
3526
8937
8991
1720
8702
5861
1615
9833
4530
529
8320
2423
8509
3344
2589
619
214
2476
6932
6430
4453
2006
2067
5869
8384
2211
6433
4649
3158
2146
671
6624
6856
2791
5570
6907
3728
9327
8177
4660
4501
8082
3077
3719
6233
9366
7497
3555
1937
5737
1674
8379
1532
8490
8374
2828
7737
7404
5724
3008
1989
4400
8051
9607
947
3005
9946
7787
5373
6093
990
3290
3763
4843
3918
9964
246
1654
2549
8724
8112
8598
9313
130
2316
9395
729
5044
2146
497
1641
2880
1803
4097
1950
2897
5597
9266
7366
9374
5385
317
7062
395
5247
8071
3040
8082
3886
3932
7316
5285
5519
698
9478
6543
8898
7399
2264
8459
1391
3180
1054
9825
7801
5189
6899
8814
9807
9608
4066
7071
6162
3362
2019
3259
9605
654
8251
6135
9035
8370
5162
8163
7168
3726
5727
7023
8701
253
5873
7144
3108
7471
6609
1368
2760
8732
1469
7192
2696
6493
2419
8900
7357
7794
132
4201
258
9016
5165
6402
939
1620
7880
1490
4264
5822
364
4816
1777
7180
7219
6526
7923
1451
4281
5066
6798
7257
7161
8512
9423
1871
6784
5135
7704
8677
3817
574
2671
7440
8700
6753
6677
7342
6592
5017
396
6146
4076
5521
4319
5024
7998
259
6253
5086
2300
677
6709
1078
9130
7117
4361
9856
9225
5177
7206
8030
6096
404
8750
9613
458
704
3387
5896
6046
961
2952
1706
8537
8057
1348
1019
8330
5321
3372
5966
2561
6294
8204
8834
2963
2987
1422
6306
2210
2102
2179
5801
6110
2908
4316
4501
5796
8657
8334
5635
3380
5462
3378
6718
7291
9263
4607
6402
2176
9516
5767
2276
3535
8846
6111
9663
6249
3464
8391
2931
4273
1560
8505
9400
9595
3745
8548
4558
3240
8482
3590
9583
7992
4509
9935
486
3685
2820
8820
3534
2700
6900
4865
8928
6199
3164
6585
7126
5678
3506
5502
8393
5762
3445
5821
5111
3142
3002
5253
663
9798
4581
1904
5399
8173
4366
3557
2128
4563
5764
804
9311
9052
1667
28
7328
213
5041
3087
8086
2422
3038
8963
180
7744
620
9336
3889
2360
9775
1479
4507
3038
7237
2024
404
9336
624
6601
7196
8919
1851
1053
4991
8665
3361
1876
3057
8915
7614
8888
5994
6151
1495
3921
6717
4260
6889
994
4944
627
9624
1031
3559
6621
5735
2883
8758
7286
7859
2737
850
2614
7058
9389
6661
5131
4723
3659
4974
4072
3891
7612
9677
388
4147
1429
1472
2755
4658
6877
811
4842
945
9904
8687
7234
1816
2869
8004
3830
5893
7869
6978
6786
1875
8881
9251
3905
5404
8104
1352
653
9071
5864
7451
7462
8043
4325
3891
1019
2050
177
1448
8618
8465
8351
2760
7650
7502
3153
418
478
379
7287
9061
2803
9108
6829
8174
8894
9551
7785
172
2368
2976
5431
5344
8310
2864
8904
9223
8967
1628
9156
5917
690
1120
1280
2294
6750
5010
9167
4589
9790
5210
8201
5814
9403
4378
7887
4325
4406
3545
6306
5133
8669
5874
8375
2610
2499
4708
6580
3272
5492
8989
5952
2972
6253
1615
2358
4698
7157
872
1087
5315
8694
3820
8680
5317
1472
7764
338
2136
8394
2744
8785
3828
393
1562
4980
2298
3682
7150
1516
9491
5700
5505
1568
9669
3069
3439
945
3600
7748
2240
8371
4598
4494
2304
7287
454
8421
6211
2827
4807
9701
5166
1636
6885
7264
4710
8400
4759
4971
3093
8486
4810
7272
7736
4344
2670
7367
2750
1008
7939
9711
6569
1469
6961
2717
1932
2178
5382
9130
3187
6994
2315
8747
7660
6490
459
684
6484
7775
3852
2617
1754
7780
1800
7095
4348
735
8421
5029
6207
6105
5444
4541
3991
6096
9768
822
6903
8894
3853
4039
3198
4208
2629
2523
3308
4939
886
8745
5761
15
5351
3600
3416
3554
1882
4497
8652
2201
1464
6498
8971
8581
6813
8247
7476
7550
3430
4676
5282
6933
880
9048
7357
4288
1660
8619
24
5973
3483
1703
9508
1189
5960
7506
3455
3651
4184
1695
3682
9113
8470
9644
1766
900
7289
9070
4433
7928
958
9070
1071
8544
3198
626
1753
4033
99
1119
2534
7065
4914
1293
6117
203
5227
9207
6263
8233
6267
7276
3875
3111
4616
986
4837
7268
6863
5192
2010
8445
8069
5427
776
8563
9826
2590
2637
440
1161
8073
9648
9341
8360
7556
7723
1268
9726
6337
3701
430
4388
1418
3010
3392
4805
8763
9683
5113
6673
1031
4594
9398
1462
5122
3315
8343
7436
4806
6830
2696
9515
4291
4896
5144
5048
5117
6455
5940
2242
3153
5323
3818
1941
3599
9210
1584
5345
1579
276
977
1355
1839
3640
1105
2173
4937
6911
5975
8379
9992
4979
9484
9393
4312
1991
1805
7362
9826
4254
1923
4434
755
6473
6098
140
7525
4507
2804
1540
9894
288
9612
4422
8460
577
7607
8812
3162
4066
2163
1993
5386
4531
9709
5406
1675
9483
4990
257
608
1371
9945
8639
3333
1122
7127
343
7375
2812
3249
8724
6593
5452
3042
3982
5421
675
4911
9527
2733
8948
1171
3557
7922
8901
4391
2090
8714
723
1215
805
6926
9211
830
8085
2252
3800
9743
1101
493
1588
2376
2789
5119
5947
4346
5145
4595
9162
1156
3276
6537
5112
9152
466
5211
879
5050
1078
2283
4222
7326
977
7126
6802
6273
1601
8007
2220
8774
4530
8454
8871
760
9664
7169
7757
7282
6307
4953
1058
2262
8609
3793
8222
2247
777
8633
8409
1083
426
3855
1531
5578
2363
3314
7635
9616
328
1144
2201
5298
8266
3251
8819
9159
9926
355
6936
2094
730
4232
4168
7421
845
5630
115
3189
3882
4147
9650
5622
9078
9862
5243
3790
8293
7658
6872
7827
2938
6824
2553
5688
254
2415
7674
4542
9610
7014
2089
8729
5638
9908
8435
9992
9829
1130
225
8926
1619
2834
7588
3181
2507
7838
392
5483
2731
4632
3709
9619
1714
9609
6470
5119
9296
1859
9670
8050
2394
52
1591
7303
3522
306
4711
6144
7924
7763
1328
9156
4906
9148
3484
6930
489
7941
1384
5538
3346
9598
1901
3701
9786
780
647
7526
8886
1766
1273
1586
8479
390
3729
1484
5689
2896
4669
2431
9980
9035
3760
3699
7239
1836
431
3307
767
984
2913
9806
6251
6025
505
5446
3388
7818
5571
4469
3155
9171
9232
7009
1924
3230
109
8851
8625
3439
1572
834
1377
2676
4118
5167
4133
170
5733
8402
9802
1201
9503
2216
3803
1771
732
5679
6660
484
9232
1985
1444
6197
1600
1997
8745
1644
108
3569
5318
9696
3044
4724
4865
488
5392
245
6545
4964
2490
8499
3568
578
4133
2596
1163
8496
1524
8515
510
4013
2847
5788
8453
7152
1123
5315
2545
6612
4415
4252
7643
5272
2636
8783
2932
2945
827
9796
7142
3252
1162
8932
8930
1827
7051
2135
9006
3487
5397
8216
3872
3267
1030
3314
928
6712
4420
7023
9694
6366
6328
305
7387
4180
5724
325
5570
5018
7065
2512
3758
2024
1079
966
643
9041
2504
5306
4242
4445
2096
2768
111
4941
6588
9296
7832
2267
8384
656
8721
9205
7685
9170
4791
7957
5510
3385
7100
3596
52
4958
3179
4050
7041
5637
9736
839
2852
2235
1456
6437
2724
832
352
1041
9402
6479
8356
6375
963
563
8908
1925
4767
2552
2379
5708
398
5925
3600
5617
9324
1298
7909
6268
4992
9412
52
1285
8287
2571
3641
3919
7252
7903
9270
3347
1452
7641
6748
3078
6867
8857
3424
281
5200
6680
7475
9233
9371
3433
4427
4548
5054
8857
9777
4390
7228
9670
8607
7979
225
4652
8797
9294
1355
477
5191
9956
7541
1335
841
1213
1997
9888
415
9994
8559
7822
7339
8028
5543
9486
339
6241
751
9100
4531
1065
1046
2921
3671
3742
5751
7973
7566
243
3981
6715
2131
7269
673
2536
7873
1253
316
7509
13
1873
910
6953
4543
6020
298
6278
8886
1886
5009
8394
1781
6946
6936
9358
7530
5622
8276
5101
2731
1048
1651
6987
7495
8574
9227
437
5713
2175
6131
8763
4060
3889
6128
6490
9003
2830
7562
5068
6743
8028
8058
8290
4970
2692
987
535
6725
6820
2540
6461
8030
2541
667
1725
7177
155
7050
1731
4992
3960
2204
5864
5867
7966
8171
2064
6657
9105
953
5953
2243
5379
6298
663
6907
8666
1122
2389
910
7671
6392
4425
514
2512
5591
2802
2305
7636
7528
6148
2620
6753
232
964
2568
380
609
1810
4538
1
4782
4754
3384
7825
7271
5429
535
6746
5018
8387
3827
4529
4884
32
2660
3103
1872
174
9317
3631
6674
4120
5681
3401
1723
6776
1969
3480
1102
187
3184
5675
6189
2393
6489
6088
5398
2922
6926
9309
4186
7002
4300
4225
9130
8429
6122
4679
2446
2467
5538
7078
8955
7980
8978
5882
9425
1562
2001
1158
6808
429
9524
3287
7246
9839
3377
6585
8492
110
7308
1691
9670
8988
6683
8718
4815
7628
1521
2761
4771
6097
4562
3458
3217
4081
2766
9106
417
3884
3877
2725
8660
7020
5854
6183
5814
5088
8311
5035
6581
7952
5401
1127
7204
3751
6384
2752
1063
9457
3452
6883
6387
7087
7048
7701
584
3005
5787
6755
6559
46
6829
5102
3436
7775
9116
7082
6875
9043
4615
5726
4686
3270
8080
4335
7369
1142
8253
1404
3825
7973
3806
7707
6009
496
1816
7582
9618
9713
3129
8692
7261
4730
5025
1915
8386
5960
3524
7479
9198
3997
5396
3693
4362
1170
695
4451
9631
9230
8555
6615
2401
6487
9791
6000
6637
5989
8066
4942
1170
4396
6706
5061
3297
2441
8698
5430
927
7393
4380
468
5409
6786
3168
6335
6744
2254
3260
9814
3600
6131
2860
4782
704
9887
5509
2306
7192
1350
5459
7619
2211
7362
8800
6027
4858
9088
6974
2328
4977
2790
1001
2980
9480
2818
5379
3164
7329
9332
7168
2751
6919
6876
5108
256
8579
978
1938
8499
9720
5335
1835
7059
4317
4656
7315
9601
9382
1183
4177
7066
7316
6420
7817
7107
9736
4125
6505
3734
2391
8886
5150
4343
6363
7316
4254
6143
4831
5041
1527
5391
6165
7718
8933
8653
4903
4455
6880
3333
8697
1418
8882
9496
7216
7043
4349
647
9117
2242
3945
6253
5086
5171
6854
5458
9547
2450
699
3317
4403
1504
2410
1099
9343
545
926
693
1047
2563
4115
8829
559
2274
93
2953
8032
7688
8175
6933
7936
4530
182
6279
8483
4927
6036
7154
8400
8919
2611
230
5628
8441
1055
6620
7013
5108
8926
1652
4497
4732
5730
9111
8228
85
2192
944
5660
6831
5460
2527
8720
32
1355
5171
6443
903
4793
5444
6970
3983
7010
1723
8847
5053
6172
5879
3155
5163
4789
9694
729
1608
5679
8064
1953
2984
7101
6339
6462
4284
6803
5838
3
1570
514
5746
9286
3778
2845
8286
4876
7063
6775
2972
4847
3932
1179
6348
6119
1728
9877
931
8295
5710
2899
1546
4988
2210
7447
4363
9365
8544
4482
2198
8905
3409
9745
8274
8097
480
1124
7532
2598
811
439
5198
2755
4687
4239
4049
7600
6892
5552
9772
3032
381
5677
2417
8408
797
8643
7202
7602
7043
8547
781
4178
151
9709
3227
1779
9686
9632
2916
9090
9217
3969
1822
1823
2876
3849
5727
3702
8234
1807
5207
3640
7476
9543
9263
8593
9104
9751
7991
7866
956
8807
531
2532
15
1149
2793
5189
7106
2821
3532
182
1477
3468
3213
8692
5202
2305
9245
8383
4141
1898
3618
1018
3816
2534
6414
2722
6423
8673
9627
6275
1144
1887
9932
6439
9003
5443
3371
3439
4858
1421
8384
980
4170
648
3761
1079
5176
355
7183
5838
490
614
9996
3631
1113
4134
6356
2830
7061
1585
5546
1658
1673
4207
2746
2567
5979
9672
6520
3362
9165
8604
5683
8877
7383
4785
7196
9571
6290
4800
1894
6064
9931
2163
4665
4416
5679
2881
5466
1016
5324
1724
5202
7713
1824
4221
619
3390
1509
77
8631
9664
3930
5776
2575
7091
8928
4429
3889
797
798
2961
6208
7166
4283
8682
3443
8119
2053
287
6392
5093
6951
6003
1320
5251
4109
5840
8540
3183
5321
6081
8911
134
8741
9307
2421
2689
2450
7577
3894
3329
6522
6993
8654
4152
4464
6482
3631
2986
4175
6397
7642
7949
5991
5132
652
224
4057
3592
9773
4648
6076
229
2488
9122
995
6189
9106
594
5346
9744
7841
2696
1512
3490
5650
264
9430
7106
4537
7361
1324
2583
4861
521
3931
8386
3238
7441
3433
3531
5273
2917
8728
587
6695
733
6487
6213
8868
226
3445
1487
2030
4600
5432
7651
7328
1155
6230
6635
343
7919
7947
7320
8976
4954
3393
3894
4540
8733
3759
2851
6641
3198
2678
4911
1725
3018
9205
4047
9082
6445
3896
5953
4261
675
8128
4784
5776
8115
2882
6665
4985
7385
4265
9785
6653
5142
6771
4997
7215
5461
456
5021
6469
3470
4199
2390
2754
1201
1323
8305
7378
8175
7379
1360
1955
2566
8067
8958
4735
481
9136
2523
4311
8038
9257
9896
4885
636
5501
3203
8174
1978
1074
3647
9707
8031
7710
4662
5777
7609
6474
783
9640
8541
5022
1819
4015
6291
5959
720
963
1134
630
2152
6080
2966
9045
8562
5943
5735
8073
6998
6941
6844
3055
8147
1889
7095
3993
3609
6964
5086
6049
5673
2234
2323
7218
6234
5345
9821
2729
7168
5600
5189
6895
4271
8922
7495
7459
7407
2196
6543
8411
7554
3365
4032
2670
9997
9708
2016
1765
9611
2895
7355
4951
4666
7063
2076
4908
237
4586
2375
5200
4484
9670
7587
1870
4477
3394
8444
3436
113
7749
2423
9351
2660
9659
4099
2611
8417
1749
8678
6070
8346
9206
6131
3302
5963
5664
8628
5876
9013
7970
2409
9028
342
7438
4305
6484
4784
2078
9585
3025
242
177
258
5058
4466
8450
4005
3841
2949
8749
7750
4577
7605
3681
8952
8367
5489
2551
3154
2101
2552
6254
5009
6184
8140
983
4912
589
2237
5886
9345
7066
3919
2679
8620
7449
9095
5362
3315
8178
6872
7830
513
2722
7801
7150
4138
6458
3835
90
8446
1288
5883
4122
6814
4215
2781
5709
3892
5317
1974
837
1238
7292
5603
2509
5274
3587
4436
2735
5694
464
3672
5245
3944
5606
6956
8418
5542
5988
5207
2162
1122
6091
7249
1619
5855
8522
5584
7391
2425
26
1300
5068
5958
5594
5950
6122
7607
2969
1412
9982
4341
1442
7437
7727
8727
9003
7041
5730
623
4893
8450
7281
7989
6622
517
7561
2204
7316
8170
4824
8642
3876
4082
7023
3735
5591
5716
366
140
7580
7415
763
7357
4690
8360
9011
5348
9663
1574
7919
2916
8910
1789
2860
8896
6399
6719
2157
973
9969
7326
9412
633
3113
46
8728
5538
3739
3485
754
5894
3248
1223
1090
5327
7145
8596
36
4120
5588
3452
8542
8215
894
8207
3290
8730
5151
3548
728
2745
9158
2284
1031
745
5155
1873
9405
3707
6727
4340
9632
2799
5247
1797
4572
9690
772
3592
3222
3492
4645
8703
6836
8962
3427
1481
850
1483
2987
3341
5143
6492
6136
6828
5062
5568
5303
8983
8272
4358
5152
1812
5499
5834
4097
5240
4366
1041
5660
7688
3021
5060
7523
1219
6107
5853
7159
8284
2124
5135
7857
8474
1896
4305
7909
8714
16
8299
7976
1783
4693
7714
5527
7160
6050
9286
9114
5177
4569
4791
8613
7264
7115
1986
1424
4331
8880
7732
1644
9754
2285
259
6381
7010
5159
1033
998
5387
8605
5088
6248
9545
5061
4190
7082
5317
1144
8210
3990
7078
3349
3349
6824
1977
7580
8627
2139
903
1500
9820
8199
6444
9974
9876
6218
8589
5989
5112
9122
7235
3583
2745
568
3376
3833
8034
4969
5682
1850
1381
9642
6426
400
3324
4679
7098
9830
1246
1366
210
5867
4711
637
4981
2695
4736
2854
5337
2891
482
6193
9649
2675
7705
5157
4398
8980
6691
2658
2921
5120
5914
7060
4387
3362
1104
1929
3815
6982
5140
8390
5511
4559
4106
7512
6456
6405
1396
9073
2168
8290
57
2089
3956
1870
705
5061
9014
1239
8726
4050
8060
4501
3432
3992
3898
5990
8252
7396
754
107
8925
4999
7294
1312
1604
695
8413
2954
4016
7786
4235
4990
1860
9307
665
7028
6237
6485
4769
7462
966
9578
9113
5945
6200
8663
7468
9353
7748
8007
3796
8757
2303
9366
7472
2031
1289
3199
7221
886
2287
5018
9395
2054
1167
1339
4028
6306
299
3098
3816
7487
2348
2569
1690
4728
4326
1701
2914
857
2703
7035
780
9541
693
2170
9280
1647
4059
8537
3018
1773
4908
5227
5072
9447
8782
7519
1301
3005
983
6598
8791
7641
4892
1337
1432
2990
721
3742
8688
855
3895
8340
3374
8556
194
6915
3968
6937
6624
9180
6300
5240
4045
4918
8255
489
6904
8198
3056
463
4015
6196
7518
5513
8088
5935
6386
7486
1
5857
5216
4166
3690
3504
6270
6804
3936
3800
7275
3204
8789
2167
1595
8548
9925
2580
6015
9184
2689
4550
1556
7373
15
6845
1551
4636
6775
3957
2387
3617
6313
7001
7780
1549
253
2003
9826
9957
8760
4395
2396
2207
6240
2705
4557
3438
3178
8763
4324
901
2583
5640
6707
5628
3248
1826
9003
1751
563
9853
1449
3931
2586
1272
6480
7749
5629
9182
9253
2171
2104
3861
2901
7248
556
5493
2911
4781
8678
6738
7225
9937
3266
6821
240
4546
4037
3911
5082
5577
7360
164
6404
2256
957
4948
197
6681
3114
8386
6753
4188
8649
6737
6204
5763
3864
4769
7509
1876
6082
4393
724
6490
9622
5937
6524
1811
3271
5812
8632
3696
1112
5070
6687
6165
2936
4510
5733
8405
4594
2242
5411
8883
5876
9644
3854
4253
4335
5256
5989
7993
8994
3654
4408
6932
9158
3185
8929
6425
5574
6448
6802
3362
7350
1871
7592
1422
5248
6279
1015
8775
7851
5570
8177
412
2315
8771
7815
7826
7092
339
9032
5084
1283
0
7041
6866
94
4583
146
4382
5362
9116
2231
1144
8280
4974
1191
7943
3447
6908
571
4153
6818
2910
111
7794
7896
3033
5769
7940
6370
5833
9225
900
7231
8895
1002
1662
4246
4782
9792
7335
9911
1051
7554
8396
3173
5505
1839
8655
8026
3584
9065
7828
4591
226
1553
321
9368
9591
5847
5134
5365
7348
5211
9899
3625
2417
3827
7232
6573
2017
4599
1847
4455
8858
7591
8697
8088
6014
6648
3168
5141
6284
2277
8792
9582
6680
6632
2040
3932
5427
1976
5775
4257
6340
2551
7841
6937
5986
8325
5818
2769
1767
2671
1803
5485
4765
6724
8254
7020
9201
2779
8653
816
2359
9025
9694
4664
1013
7424
3537
9688
5806
4639
5486
4573
9164
7652
5442
390
1586
6826
3534
60
4407
6486
8111
9751
8936
9966
3767
2535
5346
6375
7106
7725
7510
818
1867
4461
4985
620
5250
5670
8105
5274
7584
1398
9577
2769
3980
4967
4958
3178
3878
2496
5657
2541
5651
1232
1704
6449
1734
1828
7469
2045
5060
2939
3954
6047
7502
557
854
7957
1360
4844
971
4
4720
1819
3264
7492
6460
7518
4624
1547
8480
1469
8820
2196
9039
1263
9587
5080
8176
3126
8124
5285
3955
3002
4223
574
6943
406
41
3105
6544
2793
1131
832
3631
5721
7709
6214
7884
6650
4577
9529
9605
7064
2701
5146
2575
8976
8731
5602
4425
5774
1347
7638
8026
3100
8411
1270
7302
4005
8536
842
9353
9070
9837
2844
7129
4072
3464
2952
2414
8997
4891
5600
7265
5734
3840
8366
7979
8840
4190
8783
4923
1671
6218
7313
5020
1856
175
4792
2735
3034
1378
5923
8623
1840
2370
8039
2022
5585
9736
7954
1230
7036
4771
8901
8472
8652
1799
6418
1813
6587
7385
8946
8595
2850
5193
7320
9232
4810
8887
4651
9087
4946
3001
9824
8360
1120
8617
1079
6694
9396
7935
5158
6869
7626
1709
1544
4943
3202
2828
1006
6589
367
5976
2008
9775
1261
9723
2023
482
779
8436
9631
2578
8350
7464
890
3433
2469
7530
5123
3624
1910
5112
9456
8898
3966
8158
1710
9954
2888
8726
7553
4544
7278
4662
758
8132
7265
2824
7564
3718
9203
6897
6828
7012
3506
3957
9434
7292
3322
4444
3623
1361
1984
7492
730
8517
6814
4169
8894
591
3195
2576
8542
5716
4408
8527
1109
4788
1277
2058
8563
9473
8220
3885
450
6238
8339
3189
15
5208
1700
7514
2467
7250
5823
6964
1018
8195
1276
3707
949
8724
6899
5204
8529
9168
4309
9890
4584
1107
3707
9245
1581
3741
5786
3113
9463
3611
3342
1887
4583
5995
9755
8495
9224
6591
6955
9138
621
417
5442
4546
6327
5350
9271
6547
4135
4651
71
8027
2982
726
807
4857
8124
1055
3545
2229
1588
3114
9046
4904
5793
2895
3050
5667
4400
4381
8770
284
6665
621
4518
5730
8781
893
9718
4700
547
2778
3747
3412
1191
5395
3333
8889
9018
3236
501
7161
7246
8083
5520
9722
4277
7651
4874
9340
2639
35
5488
2574
3741
6422
7654
5004
5496
3707
2309
5661
4692
232
4958
9675
8162
6576
5518
2697
9470
4658
6786
1063
4993
6391
1558
8324
385
7385
558
3269
674
8170
2430
1233
1699
7333
8618
934
9733
3978
6343
4753
3660
4948
5850
3319
1788
7155
5412
8957
4534
1801
4725
6811
1612
1829
6360
1512
5694
3563
3131
2225
8981
6816
4866
1957
8978
6845
8594
412
5521
356
5448
7700
3653
2406
9135
9107
5503
9251
9682
2219
1515
9904
3658
9742
8524
9718
5256
162
3118
3107
9673
7636
6779
9240
3271
6565
7073
4236
5453
7061
7376
9738
6344
619
4307
7143
7471
8276
4404
5627
4062
8593
9045
4475
9699
3867
8306
3652
7226
2708
3835
1413
305
711
5057
1541
9187
415
3489
9700
4383
635
6852
2769
6263
498
1604
5696
8149
5250
9466
4034
1568
2831
3012
5884
6354
1591
8152
6586
7208
1279
3965
2138
4547
1420
5437
2075
3203
9152
5360
5327
2128
3538
6094
4440
6911
4993
1377
953
239
2411
5739
8935
765
9735
7620
5147
5954
9393
4015
9444
3532
6545
9522
6960
3089
6741
1130
8323
1347
5405
4945
4877
5466
8411
5630
3196
771
9893
4583
34
5402
8913
9255
316
8834
1018
118
4524
340
4718
953
2366
4876
2756
5598
3090
116
4807
9186
4226
6750
7331
6802
60
6503
1097
460
3945
6958
1147
130
6327
4636
8807
7278
9233
3481
321
754
1710
8149
9677
2849
2808
2107
1160
4658
4642
1455
9681
9164
392
3786
4810
9172
9291
1170
8557
2727
6218
9589
3571
9142
4312
6169
6826
702
3432
8829
3435
5209
1328
2551
5944
5673
8905
3258
5368
8815
6670
1382
4243
8062
1877
2287
4714
6554
3380
4749
4063
9975
3943
8635
2536
2052
4072
9595
2331
8093
3919
7861
2083
4146
2188
6598
1933
1410
970
5555
8121
6320
4012
4899
171
2600
2974
3687
7568
4340
3940
7012
4562
3062
5413
6914
9050
4059
8376
713
6652
6303
4785
3009
7370
8928
9420
7882
4826
2321
3835
1937
8482
6098
8077
9830
7944
5652
8998
7706
4152
8673
5994
1626
1371
3499
5609
5890
5854
2400
6272
9140
3130
7047
1501
6064
3546
5281
2836
597
2255
9773
2978
2485
5128
3608
7106
2305
3038
1766
2553
8392
711
9513
5997
4167
9309
2687
8211
8639
4073
3781
5592
7088
2889
4400
5269
3753
7502
5736
5995
925
9127
6772
7891
3085
6731
6563
5447
9612
9044
1723
4120
8524
5735
8459
129
1359
4855
1478
2736
1215
4302
7344
4341
9337
7562
838
9596
2933
2176
4027
9891
3582
8445
3323
1849
3596
4958
6081
3209
1585
431
2858
1379
438
5016
250
3289
7285
1357
7002
9032
5281
3816
2736
9751
2703
2508
6588
5944
3769
1609
6739
9276
2835
4708
5947
3842
6377
8069
6144
2474
5828
7286
1690
7006
5014
172
4554
4912
1604
8739
4932
1794
1959
2628
881
338
1102
7199
4397
8942
1971
4092
6207
1647
8254
4081
7027
4327
4878
6172
1105
4722
8523
7564
7498
3532
29
6685
6963
5770
1296
2248
5000
6025
9884
2211
3510
4546
1829
2946
3601
6509
9794
9861
6288
3747
8325
5617
5913
4272
7302
9996
6232
6857
8105
7050
6342
4704
2345
178
1253
2975
1774
722
9264
385
6783
1191
9538
8419
2455
9225
3088
8712
9779
4781
3239
3580
7071
6061
2774
1093
989
4740
8344
1952
1443
29
2814
8359
1502
3002
4013
8946
4498
1891
2097
2716
4251
8977
8932
2386
4113
2696
9603
5857
7760
8914
1354
9128
9678
5570
2273
7295
8134
6607
9356
8794
3775
4679
9140
8557
8636
1420
877
1967
4253
1023
9953
6246
6466
3063
7444
8376
7429
163
9094
5554
9567
7038
6455
8487
2086
9236
1369
506
4575
4424
7297
7403
4615
7390
3472
4617
6009
3711
1804
6884
6528
3365
3744
6459
2742
6948
504
4828
42
1526
1352
9500
4233
7692
5204
4725
9466
2357
1031
1071
4010
1411
9556
622
8693
2702
3202
2184
8283
2919
6924
1804
5923
4403
8490
2968
1067
3874
8162
8426
2671
9865
9236
7041
7964
1229
2366
9002
4630
6177
9360
2459
5746
3510
5779
3170
6167
1970
5170
4645
9469
6092
5763
4032
5479
1823
379
2844
5518
6008
437
7819
394
8079
9827
4316
8396
6847
9733
4855
7705
98
3194
7647
9750
8611
521
4813
4337
6738
9783
7953
3400
3939
8854
9643
6859
8720
6274
1803
1854
6007
6942
9014
7575
752
722
7999
2207
5631
7536
9905
5307
335
8754
2750
2388
3254
1953
6454
8862
3598
3586
3560
358
2693
9836
1294
3129
6473
5055
5654
7047
7746
5500
6855
533
437
1056
5708
414
9820
7713
9250
2054
7840
5713
3280
6887
7869
9025
1147
5485
2964
8820
7064
7187
3372
8999
7911
381
5246
5780
929
287
5615
1691
970
825
5040
2850
8195
9291
8594
560
4387
6750
2169
2122
6030
